- name: Work
  latitude: 39.7568129
  longitude: 30.6779289
  radius: 500
  icon: mdi:work
